0: 0.03888 0.66558 -0.23999

0: 0.04092 0.67033 -0.24158

0: 0.04095 0.66964 -0.24023

0: 0.04138 0.67258 -0.23971

0: 0.04203 0.67564 -0.23749

0: 0.04086 0.67107 -0.24085

0: 0.04199 0.67802 -0.23728

0: 0.04023 0.67152 -0.24070

0: 0.04175 0.67299 -0.23986

0: 0.04168 0.67315 -0.23915

0: 0.04167 0.66283 -0.23986

0: 0.04250 0.66970 -0.24180

0: 0.04151 0.67496 -0.23662

0: 0.04200 0.67320 -0.23953

0: 0.04162 0.67423 -0.23984

0: 0.04106 0.67429 -0.23717

0: 0.04125 0.66895 -0.24193

0: 0.04180 0.66984 -0.24109

0: 0.04137 0.67203 -0.23962

0: 0.04061 0.66990 -0.23953

0: 0.04090 0.67576 -0.23889

0: 0.04195 0.67545 -0.23826

0: 0.04190 0.67205 -0.24109

0: 0.04159 0.67555 -0.23791

0: 0.04070 0.66904 -0.23864

0: 0.04221 0.67696 -0.23732

0: 0.04236 0.67505 -0.23958

0: 0.04175 0.67497 -0.23722

0: 0.04097 0.66951 -0.24062

0: 0.04144 0.66808 -0.24065

0: 0.04165 0.67056 -0.23970

0: 0.04138 0.67456 -0.23822

0: 0.04129 0.67107 -0.23975

0: 0.04055 0.66968 -0.23909

0: 0.04090 0.67230 -0.24141

0: 0.04120 0.67230 -0.23981

0: 0.04140 0.67259 -0.23933

0: 0.04131 0.67276 -0.23927

0: 0.03989 0.67356 -0.23904

0: 0.04206 0.67406 -0.23826

0: 0.04108 0.67020 -0.24172

0: 0.04190 0.67523 -0.23724

0: 0.04266 0.66552 -0.24051

0: 0.04117 0.66953 -0.24028

0: 0.04110 0.67495 -0.23887

0: 0.04111 0.67407 -0.23893

0: 0.04236 0.67750 -0.23760

0: 0.04092 0.67279 -0.23680

0: 0.04143 0.67526 -0.23852

0: 0.04071 0.67296 -0.24010

0: 0.04203 0.66291 -0.24413

0: 0.04135 0.67217 -0.23991

0: 0.04120 0.67224 -0.23966

0: 0.04251 0.66852 -0.24268

0: 0.04147 0.67106 -0.23912

0: 0.04198 0.67295 -0.23875

0: 0.04334 0.67744 -0.23756

0: 0.04215 0.67673 -0.23797

0: 0.04138 0.67461 -0.23771

0: 0.04223 0.67717 -0.23782

0: 0.04161 0.67476 -0.23910

0: 0.04046 0.66586 -0.23943

0: 0.04115 0.66333 -0.23967

0: 0.04008 0.67694 -0.23892

0: 0.04105 0.67448 -0.23860

0: 0.04069 0.67323 -0.23883

0: 0.04090 0.66918 -0.24100

0: 0.04177 0.67174 -0.23728

0: 0.03964 0.67001 -0.24265

0: 0.04164 0.67682 -0.23788

0: 0.04119 0.67555 -0.23878

0: 0.04131 0.67250 -0.23999

0: 0.04194 0.67200 -0.24067

0: 0.04165 0.67167 -0.23965

0: 0.04274 0.67985 -0.23635

0: 0.04243 0.67141 -0.23946

0: 0.04194 0.66756 -0.24067

0: 0.04134 0.67493 -0.23728

0: 0.04126 0.67198 -0.23938

0: 0.04198 0.67730 -0.23804

0: 0.04243 0.67208 -0.24060

0: 0.03935 0.66611 -0.24331

0: 0.04284 0.67319 -0.24165

0: 0.04127 0.67289 -0.23856

0: 0.04117 0.67202 -0.23936

0: 0.04129 0.67129 -0.23938

0: 0.04136 0.67294 -0.23843

0: 0.04433 0.67010 -0.24195

0: 0.04165 0.67373 -0.23740

0: 0.04111 0.67016 -0.24105

0: 0.04158 0.67650 -0.23745

0: 0.04190 0.67112 -0.24080

0: 0.04196 0.67318 -0.23897

0: 0.04213 0.67220 -0.23870

0: 0.04256 0.66458 -0.23918

0: 0.04548 0.67027 -0.23686

0: 0.04278 0.66773 -0.23890

0: 0.04468 0.67007 -0.23894

0: 0.04279 0.66560 -0.23993

0: 0.04408 0.66598 -0.24239

0: 0.04434 0.67220 -0.23910

0: 0.04545 0.66872 -0.23617

0: 0.04353 0.66786 -0.23800

0: 0.04342 0.66925 -0.23790

0: 0.04297 0.66818 -0.23837

0: 0.04505 0.66736 -0.24021

0: 0.04364 0.66672 -0.24046

0: 0.04363 0.66515 -0.23893

0: 0.04331 0.66481 -0.23799

0: 0.04412 0.66274 -0.24267

0: 0.04436 0.66971 -0.23871

0: 0.04394 0.66666 -0.24017

0: 0.04434 0.67064 -0.24063

0: 0.04342 0.65951 -0.24401

0: 0.04375 0.67029 -0.23779

0: 0.04283 0.66979 -0.23851

0: 0.04445 0.66956 -0.23801

0: 0.04217 0.66453 -0.24007

0: 0.04311 0.66401 -0.24175

0: 0.04459 0.67120 -0.23743

0: 0.04297 0.66900 -0.23876

0: 0.04215 0.65890 -0.24044

0: 0.04290 0.67152 -0.23987

0: 0.04165 0.66119 -0.24107

0: 0.04465 0.67316 -0.23909

0: 0.04274 0.66408 -0.23994

0: 0.04452 0.66670 -0.23851

0: 0.04324 0.67155 -0.23817

0: 0.04354 0.66726 -0.23918

0: 0.04413 0.67092 -0.23876

0: 0.04563 0.67002 -0.24003

0: 0.04406 0.67389 -0.23917

0: 0.04376 0.67052 -0.23863

0: 0.04403 0.67099 -0.23874

0: 0.04503 0.66898 -0.23832

0: 0.04460 0.67076 -0.23754

0: 0.04435 0.66168 -0.24271

0: 0.04377 0.67224 -0.23716

0: 0.04211 0.66402 -0.24039

0: 0.04407 0.67270 -0.23796

0: 0.04404 0.66117 -0.24244

0: 0.04313 0.66688 -0.24025

0: 0.04373 0.67150 -0.23793

0: 0.04198 0.66555 -0.23907

0: 0.04337 0.67021 -0.23912

0: 0.04412 0.66818 -0.24073

0: 0.04309 0.66827 -0.23840

0: 0.04379 0.66954 -0.24070

0: 0.04493 0.67135 -0.24076

0: 0.04428 0.66505 -0.24010

0: 0.04184 0.66648 -0.23979

0: 0.04300 0.66538 -0.23834

0: 0.04331 0.66557 -0.24060

0: 0.04434 0.67218 -0.24168

0: 0.04341 0.66754 -0.23949

0: 0.04379 0.66344 -0.23961

0: 0.04378 0.66862 -0.23783

0: 0.04623 0.67041 -0.23691

0: 0.04343 0.67101 -0.23757

0: 0.04344 0.66482 -0.24142

0: 0.04333 0.67076 -0.23812

0: 0.04429 0.66921 -0.24173

0: 0.04391 0.66803 -0.23991

0: 0.04312 0.66311 -0.24293

0: 0.04584 0.67582 -0.23754

0: 0.04304 0.66321 -0.24220

0: 0.04460 0.67011 -0.24079

0: 0.04721 0.66994 -0.23862

0: 0.04432 0.67083 -0.23739

0: 0.04398 0.67153 -0.23824

0: 0.04294 0.67226 -0.23860

0: 0.04332 0.67110 -0.23832

0: 0.04257 0.66925 -0.23741

0: 0.04414 0.67232 -0.23746

0: 0.04414 0.67176 -0.23760

0: 0.04341 0.66964 -0.23809

0: 0.04500 0.67073 -0.23736

0: 0.04334 0.66697 -0.24135

0: 0.04405 0.66349 -0.23885

0: 0.04522 0.66667 -0.24173

0: 0.04369 0.66738 -0.23914

0: 0.04337 0.66384 -0.24061

0: 0.04069 0.66848 -0.23690

0: 0.04404 0.66552 -0.24060

0: 0.04427 0.67599 -0.23618

0: 0.04373 0.66830 -0.23790

0: 0.04377 0.66717 -0.23966

0: 0.04396 0.66945 -0.23807

0: 0.04392 0.65939 -0.23980

0: 0.04302 0.65993 -0.23628

0: 0.04344 0.67097 -0.23987

0: 0.04062 0.66114 -0.23987

0: 0.04597 0.67141 -0.24026

0: 0.04387 0.66719 -0.24018

0: 0.04310 0.66565 -0.24039

0: 0.04363 0.67072 -0.23852

0: 0.04475 0.67095 -0.23991

0: 0.04231 0.66721 -0.24074

0: 0.04400 0.67114 -0.23818

0: 0.04280 0.66736 -0.23867

0: 0.04337 0.66895 -0.23833

0: 0.04268 0.65678 -0.24316

0: 0.04327 0.66312 -0.24033

0: 0.04398 0.67084 -0.23804

0: 0.04393 0.67252 -0.23728

0: 0.04385 0.67263 -0.23744

0: 0.04366 0.67023 -0.23792

0: 0.04377 0.66723 -0.23842

0: 0.04496 0.67203 -0.23749

0: 0.04306 0.66299 -0.24112

0: 0.04500 0.67611 -0.23587

0: 0.04445 0.66643 -0.24115

0: 0.04277 0.66900 -0.23963

0: 0.04461 0.66800 -0.24175

0: 0.04445 0.67571 -0.23685

0: 0.04462 0.67224 -0.23929

0: 0.04375 0.66976 -0.23867

0: 0.04382 0.67065 -0.23959

0: 0.04433 0.67065 -0.23776

0: 0.04456 0.67231 -0.23860

0: 0.04329 0.66818 -0.24003

0: 0.04371 0.67271 -0.23700

0: 0.04440 0.66708 -0.23972

0: 0.04507 0.67289 -0.23834

0: 0.04326 0.66697 -0.24022

0: 0.04474 0.66641 -0.24240

0: 0.04456 0.67131 -0.23774

0: 0.04380 0.67023 -0.24017

0: 0.04361 0.67111 -0.23693

0: 0.04367 0.66525 -0.23955

0: 0.04396 0.67430 -0.23881

0: 0.04449 0.66749 -0.24011

0: 0.04385 0.66651 -0.23660

0: 0.04248 0.65714 -0.24189

0: 0.04381 0.67182 -0.23848

0: 0.04528 0.67418 -0.23939

0: 0.04334 0.66701 -0.23980

0: 0.04403 0.66798 -0.23914

0: 0.04092 0.64801 -0.24361

0: 0.04392 0.67213 -0.23927

0: 0.04509 0.67346 -0.23816

0: 0.04376 0.67006 -0.23965

0: 0.04410 0.66901 -0.24055

0: 0.04324 0.66560 -0.24021

0: 0.04288 0.66742 -0.23970

0: 0.04398 0.67093 -0.23837

0: 0.04233 0.66503 -0.23514

0: 0.04436 0.67153 -0.23892

0: 0.04418 0.66957 -0.23824

0: 0.04381 0.66707 -0.23921

0: 0.04380 0.67319 -0.23753

0: 0.04377 0.66819 -0.24126

0: 0.04261 0.66490 -0.23945

0: 0.04432 0.67187 -0.23748

0: 0.04494 0.66915 -0.23660

0: 0.04379 0.67146 -0.23894

0: 0.04266 0.66588 -0.24001

0: 0.04372 0.66895 -0.24059

0: 0.04555 0.66097 -0.24439

0: 0.04286 0.66716 -0.24010

0: 0.04384 0.66713 -0.23924

0: 0.04285 0.66923 -0.23804

0: 0.04362 0.67306 -0.23543

0: 0.04386 0.67000 -0.23746

0: 0.04309 0.67033 -0.23856

0: 0.04353 0.66556 -0.24007

0: 0.04470 0.67266 -0.23870

0: 0.04373 0.67059 -0.24036

0: 0.04303 0.66170 -0.24049

0: 0.04487 0.66678 -0.24110

0: 0.04334 0.66581 -0.23930

0: 0.04382 0.66869 -0.23876

0: 0.04406 0.66905 -0.24009

0: 0.04392 0.67224 -0.23826

0: 0.04408 0.67141 -0.23795

0: 0.04346 0.67070 -0.23916

0: 0.04391 0.66989 -0.23926

0: 0.04326 0.66834 -0.23994

0: 0.04416 0.67089 -0.23968

0: 0.04424 0.66965 -0.23675

0: 0.04323 0.67123 -0.23810

0: 0.04375 0.66703 -0.24056

0: 0.04457 0.67101 -0.24049

0: 0.04336 0.66935 -0.23914

0: 0.04363 0.66981 -0.23892

0: 0.04496 0.67426 -0.23822

0: 0.04309 0.66539 -0.24208

0: 0.04531 0.66947 -0.24021

0: 0.04270 0.66750 -0.24028

0: 0.04375 0.66949 -0.23799

0: 0.04345 0.66792 -0.23961

0: 0.04322 0.66391 -0.23940

0: 0.04484 0.67150 -0.23602

0: 0.04387 0.66887 -0.23939

0: 0.04313 0.66765 -0.23842

0: 0.04386 0.67067 -0.23943

0: 0.04348 0.67133 -0.23847

0: 0.04155 0.66478 -0.23896

0: 0.04297 0.67317 -0.23772

0: 0.04378 0.66966 -0.23816

0: 0.04304 0.66909 -0.23846

0: 0.04472 0.66579 -0.24061

0: 0.04204 0.66223 -0.24229

0: 0.04390 0.67312 -0.23849

0: 0.04323 0.66591 -0.24074

0: 0.04484 0.66804 -0.23891

0: 0.04359 0.66128 -0.23957

0: 0.04283 0.66616 -0.24044

0: 0.04353 0.66671 -0.23965

0: 0.04354 0.67196 -0.23893

0: 0.04406 0.67227 -0.23810

0: 0.04229 0.66707 -0.24012

0: 0.04284 0.67015 -0.23883

0: 0.04280 0.66775 -0.23972

0: 0.04445 0.66454 -0.23727

0: 0.04333 0.67077 -0.23936

0: 0.04339 0.67307 -0.23905

0: 0.04356 0.67200 -0.23709

0: 0.04204 0.66415 -0.24078

0: 0.04445 0.66857 -0.24024

0: 0.04404 0.66974 -0.23832

0: 0.04319 0.66810 -0.23854

0: 0.04277 0.66572 -0.24084

0: 0.04374 0.66807 -0.24056

0: 0.04240 0.66851 -0.23834

0: 0.04367 0.66811 -0.24042

0: 0.04327 0.67050 -0.23807

0: 0.04372 0.67465 -0.23621

0: 0.04369 0.66864 -0.23744

0: 0.04359 0.66894 -0.23868

0: 0.04348 0.66663 -0.24222

0: 0.04416 0.67132 -0.23731

0: 0.04421 0.66699 -0.23910

0: 0.04419 0.67350 -0.23670

0: 0.04353 0.66801 -0.23935

0: 0.04429 0.66962 -0.24022

0: 0.04293 0.66548 -0.24058

0: 0.04388 0.66851 -0.23762

0: 0.04314 0.66479 -0.23937

0: 0.04125 0.66532 -0.24334

0: 0.04415 0.67319 -0.23844

0: 0.04442 0.67301 -0.23926

0: 0.04680 0.67278 -0.23899

0: 0.04352 0.66926 -0.23884

0: 0.04328 0.66184 -0.24367

0: 0.04408 0.66839 -0.23906

0: 0.04183 0.66706 -0.23907

0: 0.04271 0.66512 -0.23894

0: 0.04369 0.66973 -0.23747

0: 0.04419 0.67072 -0.23923

0: 0.04498 0.67424 -0.23961

0: 0.04256 0.66397 -0.23927

0: 0.04230 0.66591 -0.23870

0: 0.04279 0.66396 -0.24044

0: 0.04416 0.66854 -0.23895

0: 0.04294 0.66148 -0.23820

0: 0.04404 0.66660 -0.24173

0: 0.04254 0.66301 -0.24249

0: 0.04271 0.66805 -0.23772

0: 0.04446 0.67838 -0.23609

0: 0.04216 0.66642 -0.23976

0: 0.04260 0.66180 -0.24223

0: 0.04463 0.67429 -0.23617

0: 0.04397 0.67139 -0.23780

0: 0.04440 0.67237 -0.23974

0: 0.04311 0.67217 -0.23771

0: 0.04292 0.66839 -0.23845

0: 0.04336 0.67046 -0.23861

0: 0.04377 0.67380 -0.23806

0: 0.04441 0.67359 -0.23715

0: 0.04244 0.66783 -0.23618

0: 0.04255 0.67145 -0.23743

0: 0.04344 0.67281 -0.23764

0: 0.04251 0.66198 -0.24158

0: 0.04158 0.67096 -0.23952

0: 0.04338 0.67039 -0.23812

0: 0.04343 0.66812 -0.23946

0: 0.04462 0.67447 -0.23722

0: 0.04351 0.67163 -0.23907

0: 0.04343 0.67301 -0.23703

0: 0.04253 0.66319 -0.24278

0: 0.04243 0.66767 -0.24009

0: 0.04350 0.66877 -0.23902

0: 0.04333 0.67320 -0.23765

0: 0.04262 0.66272 -0.24027

0: 0.04442 0.67306 -0.23976

0: 0.04064 0.65960 -0.24068

0: 0.04321 0.66929 -0.23815

0: 0.04499 0.67619 -0.23777

0: 0.04391 0.67225 -0.23988

0: 0.04394 0.67380 -0.23658

0: 0.04226 0.66389 -0.23950

0: 0.04247 0.66537 -0.23779

0: 0.04367 0.66610 -0.23985

0: 0.04390 0.66980 -0.23809

0: 0.04394 0.67224 -0.23919

0: 0.04215 0.66708 -0.23641

0: 0.04363 0.66583 -0.24027

0: 0.04294 0.66912 -0.23849

0: 0.04406 0.67051 -0.24001

0: 0.04326 0.66610 -0.24165

0: 0.04362 0.67702 -0.23515

0: 0.04337 0.66622 -0.23919

0: 0.04332 0.66730 -0.24053

0: 0.04097 0.66434 -0.24133

0: 0.04168 0.65789 -0.24157

0: 0.04079 0.66582 -0.23784

0: 0.04276 0.67370 -0.23838

0: 0.04215 0.67267 -0.23741

0: 0.04285 0.66932 -0.23930

0: 0.04220 0.66333 -0.24144

0: 0.04334 0.67055 -0.23956

0: 0.04248 0.66536 -0.24307

0: 0.04148 0.67119 -0.23899

0: 0.04195 0.66323 -0.24149

0: 0.04150 0.66669 -0.23982

0: 0.04320 0.66756 -0.24094

0: 0.04202 0.66658 -0.24178

0: 0.04193 0.65729 -0.24254

0: 0.04285 0.66977 -0.23949

0: 0.04316 0.67313 -0.23864

0: 0.04193 0.66767 -0.24027

0: 0.04255 0.66192 -0.24038

0: 0.04293 0.67270 -0.23871

0: 0.04276 0.67350 -0.23902

0: 0.03968 0.66302 -0.23920

0: 0.04252 0.67225 -0.23880

0: 0.04333 0.67328 -0.23773

0: 0.04189 0.66409 -0.24318

0: 0.04385 0.67325 -0.23974

0: 0.04261 0.67406 -0.23657

0: 0.04237 0.66944 -0.23886

0: 0.04170 0.66278 -0.23938

0: 0.04197 0.66802 -0.23926

0: 0.04304 0.67334 -0.23998

0: 0.04151 0.67119 -0.23864

0: 0.04226 0.66700 -0.24088

0: 0.04250 0.67262 -0.23800

0: 0.04199 0.66710 -0.24062

0: 0.04210 0.66915 -0.23950

0: 0.04167 0.66389 -0.23978

0: 0.04215 0.66967 -0.24010

0: 0.04131 0.66756 -0.23826

0: 0.04236 0.67082 -0.24104

0: 0.04226 0.66501 -0.23979

0: 0.04106 0.65806 -0.24368

0: 0.04171 0.66788 -0.23938

0: 0.04309 0.67202 -0.23922

0: 0.04290 0.67273 -0.23711

0: 0.04273 0.66627 -0.24022

0: 0.04090 0.66186 -0.24181

0: 0.04246 0.66754 -0.24207

0: 0.04251 0.66696 -0.24013

0: 0.04367 0.66781 -0.23989

0: 0.04214 0.67060 -0.24040

0: 0.04329 0.67575 -0.23691

0: 0.04349 0.66738 -0.23863

0: 0.04264 0.66314 -0.24329

0: 0.04274 0.66953 -0.23891

0: 0.04246 0.66793 -0.23899

0: 0.04305 0.67114 -0.24119

0: 0.04220 0.66994 -0.23860

0: 0.04293 0.67106 -0.23756

0: 0.04289 0.66965 -0.24039

0: 0.04212 0.66832 -0.23879

0: 0.04292 0.66704 -0.23962

0: 0.04206 0.66708 -0.24030

0: 0.04220 0.66486 -0.24082

0: 0.04171 0.67336 -0.23770

0: 0.04179 0.66901 -0.23758

0: 0.04180 0.67139 -0.24074

0: 0.04234 0.67341 -0.23837

0: 0.04115 0.66779 -0.23917

0: 0.04188 0.67295 -0.23817

0: 0.04324 0.66979 -0.23515

0: 0.04195 0.66662 -0.24240

0: 0.04179 0.66796 -0.23857

0: 0.04293 0.67745 -0.23787

0: 0.04233 0.67579 -0.23645

0: 0.04137 0.66916 -0.24011

0: 0.04238 0.68032 -0.23733

0: 0.04135 0.67085 -0.24054

0: 0.04289 0.67693 -0.23759

0: 0.04124 0.66643 -0.24026

0: 0.04154 0.66720 -0.24147

0: 0.04080 0.66862 -0.24077

0: 0.04140 0.67249 -0.23853

0: 0.04142 0.67094 -0.23904

0: 0.04156 0.66966 -0.23896

0: 0.04252 0.67134 -0.23885

0: 0.04067 0.67173 -0.23932

0: 0.04083 0.67050 -0.23702

0: 0.04136 0.67287 -0.23833

0: 0.04239 0.67301 -0.23884

0: 0.04117 0.66985 -0.23905

0: 0.04113 0.66908 -0.24000

0: 0.04255 0.67231 -0.23893

0: 0.04343 0.66724 -0.24340

0: 0.04152 0.66988 -0.23985

0: 0.04252 0.67208 -0.23830

0: 0.04301 0.67794 -0.23752

0: 0.04079 0.66972 -0.23986

0: 0.04256 0.67897 -0.23662

0: 0.04116 0.66883 -0.23883

0: 0.04186 0.67138 -0.23918

0: 0.04213 0.67390 -0.23744

0: 0.04210 0.67374 -0.23984

0: 0.04176 0.67008 -0.24042

0: 0.04079 0.66895 -0.23998

0: 0.04056 0.66681 -0.24026

0: 0.04012 0.66667 -0.24125

0: 0.04133 0.66724 -0.23861

0: 0.04170 0.66634 -0.23942

0: 0.04153 0.66988 -0.23803

0: 0.04114 0.66707 -0.24088

0: 0.04164 0.67221 -0.23613

0: 0.04227 0.67480 -0.23695

0: 0.04104 0.66831 -0.23911

0: 0.04120 0.67454 -0.23853

0: 0.04176 0.67310 -0.23981

0: 0.04123 0.67324 -0.23895

0: 0.04081 0.66610 -0.23995

0: 0.04102 0.66608 -0.24080

0: 0.04187 0.67177 -0.24156

0: 0.04143 0.66883 -0.23960

0: 0.04248 0.67290 -0.23925

0: 0.04219 0.67365 -0.23788

0: 0.04228 0.66401 -0.24001

0: 0.04212 0.67199 -0.23772

0: 0.04147 0.67225 -0.23877

0: 0.04238 0.66949 -0.23881

0: 0.04195 0.67350 -0.23832

0: 0.04202 0.66815 -0.23967

0: 0.04105 0.66492 -0.24104

0: 0.04152 0.67369 -0.23728

0: 0.04232 0.67064 -0.24011

0: 0.04104 0.66804 -0.24102

0: 0.04254 0.67564 -0.23693

0: 0.04158 0.66751 -0.23953

0: 0.04159 0.67448 -0.23863

0: 0.04149 0.66871 -0.23973

0: 0.04129 0.66539 -0.23999

0: 0.04231 0.67190 -0.23917

0: 0.04042 0.66366 -0.23966

0: 0.04055 0.66986 -0.24070

0: 0.04198 0.67350 -0.23824

0: 0.04196 0.67197 -0.23772

0: 0.04387 0.67117 -0.23929

0: 0.04191 0.67220 -0.23952

0: 0.04186 0.67245 -0.23830

0: 0.04044 0.66777 -0.23997

0: 0.04048 0.66861 -0.23915

0: 0.04114 0.67006 -0.23893

0: 0.04211 0.67383 -0.23617

0: 0.04139 0.66633 -0.24062

0: 0.04009 0.67253 -0.23658

0: 0.04389 0.67457 -0.23974

0: 0.04246 0.67257 -0.24008

0: 0.04182 0.66660 -0.23790

0: 0.04204 0.67309 -0.23808

0: 0.04166 0.67060 -0.23864

0: 0.04249 0.66785 -0.23979

0: 0.04077 0.66650 -0.23908

0: 0.04242 0.67043 -0.24017

0: 0.04340 0.67199 -0.24188

0: 0.04188 0.67191 -0.23970

0: 0.04184 0.67556 -0.23695

0: 0.04275 0.67132 -0.24136

0: 0.04092 0.67418 -0.23854

0: 0.04139 0.67391 -0.23808

0: 0.04196 0.66154 -0.23791

0: 0.04171 0.67355 -0.23816

0: 0.04159 0.66955 -0.23885

0: 0.04240 0.67330 -0.23836

0: 0.04175 0.67299 -0.23681

0: 0.04203 0.67072 -0.23981

0: 0.04057 0.66699 -0.23694

0: 0.04300 0.67259 -0.23740

0: 0.04108 0.66866 -0.24105

0: 0.04283 0.67513 -0.23774

0: 0.04345 0.67494 -0.23966

0: 0.04149 0.67149 -0.23910

0: 0.04119 0.66705 -0.23941

0: 0.04138 0.66928 -0.23948

0: 0.04244 0.66736 -0.24191

0: 0.04130 0.67310 -0.23584

0: 0.04153 0.67458 -0.23728

0: 0.04111 0.67017 -0.23979

0: 0.04065 0.66643 -0.24017

0: 0.04127 0.67193 -0.23916

0: 0.04157 0.67291 -0.24060

0: 0.04141 0.66842 -0.23928

0: 0.04190 0.66714 -0.24091

0: 0.04422 0.67618 -0.23470

0: 0.04232 0.67334 -0.23835

0: 0.04165 0.66994 -0.23913

0: 0.04188 0.67177 -0.23968

0: 0.04244 0.67365 -0.23965

0: 0.04178 0.67335 -0.24091

0: 0.04199 0.67191 -0.24002

0: 0.04105 0.66401 -0.24135

0: 0.04123 0.66858 -0.23893

0: 0.04018 0.66718 -0.24069

0: 0.04176 0.67353 -0.23869

0: 0.04128 0.66984 -0.23816

0: 0.04216 0.67671 -0.23660

0: 0.04105 0.66656 -0.24130

0: 0.04337 0.67481 -0.23706

0: 0.04173 0.66929 -0.23948

0: 0.04191 0.67260 -0.23834

0: 0.04130 0.67184 -0.23883

0: 0.04172 0.67487 -0.23664

0: 0.04279 0.67446 -0.23939

0: 0.04252 0.67636 -0.23813

0: 0.04043 0.66904 -0.23935

0: 0.04160 0.67204 -0.23796

0: 0.04159 0.67097 -0.23900

0: 0.04109 0.66312 -0.24309

0: 0.04257 0.67698 -0.23616

0: 0.04074 0.66265 -0.24185

0: 0.04181 0.67104 -0.23962

0: 0.04247 0.67045 -0.23860

0: 0.04178 0.67013 -0.24022

0: 0.14105 0.74086 -0.23455
1: 0.04069 0.67146 -0.23768

0: 0.03323 0.74582 -0.23517
1: 0.08706 0.74342 -0.23448

0: 0.06929 0.81051 -0.20797
1: -0.03347 0.73929 -0.23686
2: 0.02247 0.75246 -0.23357

0: 0.08085 0.74564 -0.23485
1: -0.02805 0.75093 -0.23318
2: 0.02055 0.74444 -0.23400

0: 0.07519 0.78156 -0.22339
1: -0.01818 0.74670 -0.23363
2: 0.03279 0.74933 -0.23369

0: 0.08216 0.74526 -0.22928
1: -0.01399 0.74636 -0.23510
2: 0.03749 0.75043 -0.23350

0: 0.08228 0.74082 -0.23425
1: -0.01463 0.74475 -0.23630
2: 0.03585 0.74833 -0.23250

0: 0.08452 0.74753 -0.23440
1: -0.01467 0.74496 -0.23586
2: 0.03657 0.74578 -0.23544

0: 0.08359 0.74757 -0.23474
1: -0.01445 0.74483 -0.23551
2: 0.03446 0.74540 -0.23396

0: 0.08132 0.74096 -0.23309
1: -0.01373 0.74747 -0.23470
2: 0.03474 0.74189 -0.23436

0: 0.08404 0.74309 -0.23770
1: -0.01578 0.74373 -0.23610
2: 0.03754 0.74593 -0.23463

0: 0.08347 0.74712 -0.23492
1: -0.01527 0.74403 -0.23585
2: 0.03610 0.74457 -0.23473

0: 0.08449 0.74955 -0.23539
1: -0.01469 0.74391 -0.23614
2: 0.03578 0.74430 -0.23459

0: 0.08236 0.73398 -0.23369
1: -0.01462 0.74515 -0.23628
2: 0.03476 0.73792 -0.23278

0: 0.08278 0.74602 -0.23429
1: -0.01486 0.74387 -0.23554
2: 0.03649 0.74333 -0.23220

0: 0.08467 0.74655 -0.23594
1: -0.01478 0.74391 -0.23653
2: 0.03527 0.74377 -0.23269

0: 0.08288 0.74471 -0.23463
1: -0.01417 0.74439 -0.23470
2: 0.03684 0.74554 -0.23347

0: 0.08340 0.74126 -0.23444
1: -0.01606 0.73996 -0.23689
2: 0.03719 0.74722 -0.23478

0: 0.08321 0.74749 -0.23532
1: -0.01573 0.74396 -0.23584
2: 0.03487 0.74722 -0.23526

0: 0.08323 0.74608 -0.23558
1: -0.01535 0.74319 -0.23595
2: 0.03592 0.74302 -0.23542

0: 0.08351 0.74335 -0.23526
1: -0.01410 0.74426 -0.23530
2: 0.03549 0.74642 -0.23409

0: 0.08409 0.74953 -0.23490
1: -0.01547 0.74510 -0.23500
2: 0.03596 0.74547 -0.23359

0: 0.08219 0.74619 -0.23508
1: -0.01448 0.74713 -0.23426
2: 0.03595 0.74894 -0.23576

0: 0.08489 0.74533 -0.23396
1: -0.01767 0.74176 -0.23658
2: 0.03652 0.74836 -0.23367

0: 0.08345 0.74713 -0.23484
1: -0.01578 0.74445 -0.23521
2: 0.03750 0.74597 -0.23351

0: 0.08361 0.74823 -0.23553
1: -0.01400 0.74091 -0.23611
2: 0.03554 0.74485 -0.23276

0: 0.08272 0.74573 -0.23510
1: -0.01486 0.73955 -0.23710
2: 0.03626 0.74490 -0.23314

0: -0.01259 0.74940 -0.23147
1: 0.03758 0.78437 -0.22032

0: -0.02129 0.70428 -0.23569
1: 0.02107 0.72414 -0.23578

0: 0.06942 0.74428 -0.21146
1: 0.00069 0.64349 -0.23647
2: 0.03107 0.64507 -0.23618

0: -0.00091 0.63404 -0.23695
1: 0.10290 0.64810 -0.22930
2: 0.05581 0.63348 -0.22987

0: -0.01206 0.60783 -0.23686
1: 0.10700 0.60296 -0.23914
2: 0.05465 0.59689 -0.23864

0: -0.01313 0.60783 -0.23789
1: 0.10673 0.60815 -0.23715
2: 0.05408 0.60103 -0.23926

0: -0.01498 0.60527 -0.23758
1: 0.10734 0.60623 -0.23771
2: 0.05373 0.60687 -0.23900

0: -0.01280 0.61129 -0.23432
1: 0.10540 0.60404 -0.23880
2: 0.05490 0.61381 -0.23623

0: -0.01332 0.61205 -0.23393
1: 0.10838 0.59990 -0.24052
2: 0.05635 0.61578 -0.23633

0: -0.01347 0.61401 -0.23291
1: 0.10498 0.60278 -0.24036
2: 0.05383 0.60540 -0.23833

0: -0.01669 0.60195 -0.23900
1: 0.10664 0.60629 -0.23888
2: 0.05494 0.61050 -0.23875

0: -0.01283 0.61018 -0.23622
1: 0.10643 0.60888 -0.23635
2: 0.05437 0.61841 -0.23318

0: -0.01390 0.61086 -0.23412
1: 0.10677 0.61361 -0.23563
2: 0.05391 0.61387 -0.23535

0: -0.01635 0.59443 -0.24037
1: 0.10703 0.60444 -0.23926
2: 0.05621 0.61043 -0.23918

0: -0.01550 0.60144 -0.23890
1: 0.10764 0.60440 -0.23740
2: 0.05341 0.60830 -0.23905

0: -0.01643 0.60053 -0.24043
1: 0.10578 0.60765 -0.23869
2: 0.05301 0.60759 -0.23777

0: -0.01401 0.60937 -0.23494
1: 0.10549 0.61309 -0.23610
2: 0.05374 0.61003 -0.24158

0: -0.01322 0.60495 -0.24011
1: 0.10779 0.60699 -0.24195
2: 0.05023 0.60143 -0.24694

0: -0.01667 0.60920 -0.23452
1: 0.10246 0.60301 -0.23760
2: 0.04824 0.61261 -0.23441

0: -0.03510 0.58526 -0.21500
1: 0.02254 0.57380 -0.22075
2: 0.08131 0.60087 -0.21316

0: -0.03581 0.63186 -0.19058
1: 0.08222 0.63341 -0.19443
2: 0.02863 0.61980 -0.19816


0: -0.03303 0.67208 -0.22080
1: 0.07177 0.67577 -0.22347
2: 0.01487 0.67153 -0.22231



0: -0.01022 0.64445 -0.22163
1: 0.09866 0.64716 -0.22463
2: 0.04459 0.65294 -0.22282

0: -0.04404 0.67262 -0.21897
1: 0.08811 0.66311 -0.22420
2: 0.02416 0.67431 -0.21840


0: -0.04508 0.67488 -0.21873
1: 0.08946 0.68563 -0.21875
2: 0.02016 0.67004 -0.22421



0: -0.08571 0.68328 -0.19610
1: 0.06602 0.66540 -0.20727
2: -0.01571 0.68119 -0.20519


0: -0.06676 0.70208 -0.19630
1: 0.04907 0.68428 -0.20709
2: -0.01311 0.69289 -0.20375

0: -0.00202 0.69534 -0.21991
1: 0.11386 0.68475 -0.22787
2: 0.05663 0.69332 -0.22314



0: -0.00355 0.67451 -0.22213
1: 0.10790 0.65682 -0.23186
2: 0.05064 0.67462 -0.22469


0: -0.02675 0.68537 -0.25340
1: 0.07645 0.68672 -0.26001
2: 0.02380 0.68881 -0.25428

0: 0.04457 0.70001 -0.23255
1: -0.07299 0.69883 -0.23169
2: -0.01407 0.70559 -0.23495


0: -0.04004 0.69722 -0.21606
1: 0.08608 0.69330 -0.21657
2: 0.02169 0.67952 -0.21667



0: -0.05658 0.68642 -0.23671
1: -0.09984 0.68062 -0.23811
2: 0.07225 0.67863 -0.23960
3: 0.11775 0.67748 -0.23760
4: -0.01373 0.68637 -0.23638
5: 0.02667 0.68131 -0.24211



0: 0.07576 0.72242 -0.19308
1: -0.04438 0.71228 -0.19365
2: 0.16092 0.70835 -0.19807
3: 0.11882 0.71984 -0.19326
4: 0.03691 0.71632 -0.19545
5: -0.00542 0.71401 -0.19572

0: 0.07756 0.71583 -0.19521
1: -0.04438 0.71312 -0.19383
2: 0.16072 0.71163 -0.19791
3: 0.11852 0.71868 -0.19347
4: 0.03621 0.72015 -0.19491
5: -0.00677 0.71337 -0.19567

0: 0.07868 0.71206 -0.19697
1: -0.04159 0.71931 -0.19321
2: 0.03668 0.71106 -0.19762
3: 0.16406 0.70599 -0.19927
4: 0.12072 0.71542 -0.19453
5: -0.00569 0.71286 -0.19739

0: 0.07632 0.72066 -0.19394
1: -0.04025 0.71930 -0.19169
2: 0.03727 0.71899 -0.19469
3: 0.16677 0.69887 -0.20127
4: 0.12017 0.71621 -0.19537
5: -0.00715 0.71390 -0.19428





